 1.00000000000000E+0000    6.09960784313725E+0001
 2.00000000000000E+0000    6.67333333333333E+0001
 3.00000000000000E+0000    6.58274509803921E+0001
 4.00000000000000E+0000    6.49215686274510E+0001
 5.00000000000000E+0000    6.31098039215687E+0001
 6.00000000000000E+0000    6.28078431372548E+0001
 7.00000000000000E+0000    6.34117647058823E+0001
 8.00000000000000E+0000    6.03921568627450E+0001
 9.00000000000000E+0000    6.06941176470589E+0001
 1.00000000000000E+0001    6.12980392156863E+0001
 1.10000000000000E+0001    6.12980392156863E+0001
 1.20000000000000E+0001    5.97882352941176E+0001
 1.30000000000000E+0001    6.00901960784314E+0001
 1.40000000000000E+0001    5.94862745098040E+0001
 1.50000000000000E+0001    6.03921568627450E+0001
 1.60000000000000E+0001    5.94862745098040E+0001
 1.70000000000000E+0001    5.94862745098040E+0001
 1.80000000000000E+0001    6.03921568627450E+0001
 1.90000000000000E+0001    5.91843137254901E+0001
 2.00000000000000E+0001    6.00901960784314E+0001
 2.10000000000000E+0001    6.00901960784314E+0001
 2.20000000000000E+0001    4.92196078431373E+0001
 2.30000000000000E+0001    4.37843137254903E+0001
 2.40000000000000E+0001    0.00000000000000E+0000
 2.50000000000000E+0001    0.00000000000000E+0000
 2.60000000000000E+0001    5.15686274509804E+0000
 2.70000000000000E+0001    2.69686274509804E+0001
 2.80000000000000E+0001    3.84392156862745E+0001
 2.90000000000000E+0001    3.96313725490196E+0001
 3.00000000000000E+0001    4.05529411764706E+0001
 3.10000000000000E+0001    4.14509803921569E+0001
 3.20000000000000E+0001    4.18901960784314E+0001
 3.30000000000000E+0001    4.18901960784314E+0001
 3.40000000000000E+0001    4.17254901960784E+0001
 3.50000000000000E+0001    4.12509803921569E+0001
 3.60000000000000E+0001    4.04117647058823E+0001
 3.70000000000000E+0001    3.92078431372549E+0001
 3.80000000000000E+0001    3.79411764705882E+0001
 3.90000000000000E+0001    3.63215686274510E+0001
 4.00000000000000E+0001    3.44627450980392E+0001
 4.10000000000000E+0001    3.28509803921568E+0001
 4.20000000000000E+0001    3.18666666666666E+0001
 4.30000000000000E+0001    3.09960784313725E+0001
 4.40000000000000E+0001    3.01098039215686E+0001
 4.50000000000000E+0001    2.94156862745098E+0001
 4.60000000000000E+0001    2.92313725490196E+0001
 4.70000000000000E+0001    2.94235294117647E+0001
 4.80000000000000E+0001    2.93137254901960E+0001
 4.90000000000000E+0001    2.91568627450980E+0001
 5.00000000000000E+0001    2.93607843137254E+0001
 5.10000000000000E+0001    2.95019607843137E+0001
 5.20000000000000E+0001    2.92941176470588E+0001
 5.30000000000000E+0001    2.90039215686274E+0001
 5.40000000000000E+0001    2.86823529411764E+0001
 5.50000000000000E+0001    2.82274509803921E+0001
 5.60000000000000E+0001    2.74627450980392E+0001
 5.70000000000000E+0001    2.68549019607843E+0001
 5.80000000000000E+0001    2.65725490196078E+0001
 5.90000000000000E+0001    2.60392156862745E+0001
 6.00000000000000E+0001    2.52431372549019E+0001
 6.10000000000000E+0001    2.46392156862745E+0001
 6.20000000000000E+0001    2.45019607843137E+0001
 6.30000000000000E+0001    2.44784313725490E+0001
 6.40000000000000E+0001    2.45529411764706E+0001
 6.50000000000000E+0001    2.47725490196078E+0001
 6.60000000000000E+0001    2.50705882352941E+0001
 6.70000000000000E+0001    2.54078431372549E+0001
 6.80000000000000E+0001    2.56392156862745E+0001
 6.90000000000000E+0001    2.61137254901961E+0001
 7.00000000000000E+0001    2.66352941176470E+0001
 7.10000000000000E+0001    2.71294117647059E+0001
 7.20000000000000E+0001    2.76588235294117E+0001
 7.30000000000000E+0001    2.82352941176470E+0001
 7.40000000000000E+0001    2.90666666666666E+0001
 7.50000000000000E+0001    2.96549019607843E+0001
 7.60000000000000E+0001    3.00274509803921E+0001
 7.70000000000000E+0001    3.05137254901960E+0001
 7.80000000000000E+0001    3.11372549019607E+0001
 7.90000000000000E+0001    3.18666666666666E+0001
 8.00000000000000E+0001    3.23843137254901E+0001
 8.10000000000000E+0001    3.29294117647058E+0001
 8.20000000000000E+0001    3.36156862745097E+0001
 8.30000000000000E+0001    3.44039215686274E+0001
 8.40000000000000E+0001    3.51058823529412E+0001
 8.50000000000000E+0001    3.59803921568628E+0001
 8.60000000000000E+0001    3.68078431372549E+0001
 8.70000000000000E+0001    3.74000000000000E+0001
 8.80000000000000E+0001    3.83019607843137E+0001
 8.90000000000000E+0001    3.97137254901961E+0001
 9.00000000000000E+0001    4.09294117647059E+0001
 9.10000000000000E+0001    4.19607843137255E+0001
 9.20000000000000E+0001    4.31568627450981E+0001
 9.30000000000000E+0001    4.44509803921568E+0001
 9.40000000000000E+0001    4.53411764705882E+0001
 9.50000000000000E+0001    4.57176470588235E+0001
 9.60000000000000E+0001    4.56862745098039E+0001
 9.70000000000000E+0001    4.56196078431373E+0001
 9.80000000000000E+0001    4.51725490196079E+0001
 9.90000000000000E+0001    4.42000000000000E+0001
 1.00000000000000E+0002    4.30039215686275E+0001
 1.01000000000000E+0002    4.19490196078431E+0001
 1.02000000000000E+0002    4.04980392156863E+0001
 1.03000000000000E+0002    3.88117647058823E+0001
 1.04000000000000E+0002    3.74313725490196E+0001
 1.05000000000000E+0002    3.61176470588235E+0001
 1.06000000000000E+0002    3.49333333333333E+0001
 1.07000000000000E+0002    3.36627450980392E+0001
 1.08000000000000E+0002    3.28117647058823E+0001
 1.09000000000000E+0002    3.23725490196078E+0001
 1.10000000000000E+0002    3.20588235294117E+0001
 1.11000000000000E+0002    3.18196078431372E+0001
 1.12000000000000E+0002    3.16156862745098E+0001
 1.13000000000000E+0002    3.16941176470588E+0001
 1.14000000000000E+0002    3.17372549019607E+0001
 1.15000000000000E+0002    3.15764705882352E+0001
 1.16000000000000E+0002    3.15215686274509E+0001
 1.17000000000000E+0002    3.15019607843137E+0001
 1.18000000000000E+0002    3.12156862745098E+0001
 1.19000000000000E+0002    3.07686274509803E+0001
 1.20000000000000E+0002    3.03686274509803E+0001
 1.21000000000000E+0002    2.99098039215686E+0001
 1.22000000000000E+0002    2.90941176470588E+0001
 1.23000000000000E+0002    2.81725490196078E+0001
 1.24000000000000E+0002    2.76274509803921E+0001
 1.25000000000000E+0002    2.70823529411764E+0001
 1.26000000000000E+0002    2.68431372549019E+0001
 1.27000000000000E+0002    2.68392156862745E+0001
 1.28000000000000E+0002    2.68039215686274E+0001
 1.29000000000000E+0002    2.67647058823529E+0001
 1.30000000000000E+0002    2.67098039215686E+0001
 1.31000000000000E+0002    2.69725490196078E+0001
 1.32000000000000E+0002    2.74392156862745E+0001
 1.33000000000000E+0002    2.77568627450980E+0001
 1.34000000000000E+0002    2.80627450980392E+0001
 1.35000000000000E+0002    2.84705882352941E+0001
 1.36000000000000E+0002    2.89490196078431E+0001
 1.37000000000000E+0002    2.94156862745098E+0001
 1.38000000000000E+0002    2.99490196078431E+0001
 1.39000000000000E+0002    3.05843137254902E+0001
 1.40000000000000E+0002    3.12509803921568E+0001
 1.41000000000000E+0002    3.18156862745098E+0001
 1.42000000000000E+0002    3.21764705882352E+0001
 1.43000000000000E+0002    3.29137254901960E+0001
 1.44000000000000E+0002    3.38980392156862E+0001
 1.45000000000000E+0002    3.44156862745098E+0001
 1.46000000000000E+0002    3.48274509803921E+0001
 1.47000000000000E+0002    3.55764705882353E+0001
 1.48000000000000E+0002    3.65529411764706E+0001
 1.49000000000000E+0002    3.70470588235294E+0001
 1.50000000000000E+0002    3.75019607843138E+0001
 1.51000000000000E+0002    3.84274509803922E+0001
 1.52000000000000E+0002    3.95960784313726E+0001
 1.53000000000000E+0002    4.05607843137255E+0001
 1.54000000000000E+0002    4.14549019607843E+0001
 1.55000000000000E+0002    4.24392156862745E+0001
 1.56000000000000E+0002    4.36000000000000E+0001
 1.57000000000000E+0002    4.44509803921569E+0001
 1.58000000000000E+0002    4.51960784313725E+0001
 1.59000000000000E+0002    4.61098039215686E+0001
 1.60000000000000E+0002    4.68823529411765E+0001
 1.61000000000000E+0002    4.72078431372549E+0001
 1.62000000000000E+0002    4.71372549019608E+0001
 1.63000000000000E+0002    4.68901960784314E+0001
 1.64000000000000E+0002    4.63215686274510E+0001
 1.65000000000000E+0002    4.53176470588235E+0001
 1.66000000000000E+0002    4.42862745098039E+0001
 1.67000000000000E+0002    4.32117647058823E+0001
 1.68000000000000E+0002    4.19411764705882E+0001
 1.69000000000000E+0002    4.03607843137255E+0001
 1.70000000000000E+0002    3.87725490196078E+0001
 1.71000000000000E+0002    3.72509803921568E+0001
 1.72000000000000E+0002    3.59333333333333E+0001
 1.73000000000000E+0002    3.46705882352941E+0001
 1.74000000000000E+0002    3.38549019607843E+0001
 1.75000000000000E+0002    3.33921568627450E+0001
 1.76000000000000E+0002    3.28470588235294E+0001
 1.77000000000000E+0002    3.25568627450980E+0001
 1.78000000000000E+0002    3.26156862745098E+0001
 1.79000000000000E+0002    3.28666666666666E+0001
 1.80000000000000E+0002    3.28862745098039E+0001
 1.81000000000000E+0002    3.25254901960784E+0001
 1.82000000000000E+0002    3.24823529411764E+0001
 1.83000000000000E+0002    3.27098039215686E+0001
 1.84000000000000E+0002    3.24941176470588E+0001
 1.85000000000000E+0002    3.18980392156862E+0001
 1.86000000000000E+0002    3.13921568627450E+0001
 1.87000000000000E+0002    3.12666666666666E+0001
 1.88000000000000E+0002    3.08196078431372E+0001
 1.89000000000000E+0002    2.97490196078431E+0001
 1.90000000000000E+0002    2.89725490196078E+0001
 1.91000000000000E+0002    2.86705882352941E+0001
 1.92000000000000E+0002    2.85294117647059E+0001
 1.93000000000000E+0002    2.82784313725490E+0001
 1.94000000000000E+0002    2.82431372549019E+0001
 1.95000000000000E+0002    2.84117647058823E+0001
 1.96000000000000E+0002    2.83686274509804E+0001
 1.97000000000000E+0002    2.83098039215686E+0001
 1.98000000000000E+0002    2.87137254901960E+0001
 1.99000000000000E+0002    2.92039215686274E+0001
 2.00000000000000E+0002    2.94823529411764E+0001
 2.01000000000000E+0002    2.99607843137254E+0001
 2.02000000000000E+0002    3.06901960784313E+0001
 2.03000000000000E+0002    3.13411764705882E+0001
 2.04000000000000E+0002    3.17450980392156E+0001
 2.05000000000000E+0002    3.22745098039215E+0001
 2.06000000000000E+0002    3.30000000000000E+0001
 2.07000000000000E+0002    3.35803921568627E+0001
 2.08000000000000E+0002    3.39843137254902E+0001
 2.09000000000000E+0002    3.46274509803921E+0001
 2.10000000000000E+0002    3.55490196078431E+0001
 2.11000000000000E+0002    3.63411764705882E+0001
 2.12000000000000E+0002    3.67607843137255E+0001
 2.13000000000000E+0002    3.73568627450981E+0001
 2.14000000000000E+0002    3.81450980392157E+0001
 2.15000000000000E+0002    3.88235294117647E+0001
 2.16000000000000E+0002    3.92745098039216E+0001
 2.17000000000000E+0002    3.97019607843137E+0001
 2.18000000000000E+0002    4.06941176470588E+0001
 2.19000000000000E+0002    4.18627450980393E+0001
 2.20000000000000E+0002    4.28274509803922E+0001
 2.21000000000000E+0002    4.37568627450981E+0001
 2.22000000000000E+0002    4.48862745098039E+0001
 2.23000000000000E+0002    4.62666666666667E+0001
 2.24000000000000E+0002    4.73333333333333E+0001
 2.25000000000000E+0002    4.80549019607843E+0001
 2.26000000000000E+0002    4.88901960784314E+0001
 2.27000000000000E+0002    4.95803921568627E+0001
 2.28000000000000E+0002    4.97686274509804E+0001
 2.29000000000000E+0002    4.99450980392157E+0001
 2.30000000000000E+0002    5.01098039215686E+0001
 2.31000000000000E+0002    4.97882352941177E+0001
 2.32000000000000E+0002    4.89490196078432E+0001
 2.33000000000000E+0002    4.80705882352941E+0001
 2.34000000000000E+0002    4.73176470588235E+0001
 2.35000000000000E+0002    4.61294117647059E+0001
 2.36000000000000E+0002    4.43411764705883E+0001
 2.37000000000000E+0002    4.23882352941176E+0001
 2.38000000000000E+0002    4.07686274509804E+0001
 2.39000000000000E+0002    3.89921568627451E+0001
 2.40000000000000E+0002    3.75333333333333E+0001
 2.41000000000000E+0002    3.64470588235294E+0001
 2.42000000000000E+0002    3.56823529411764E+0001
 2.43000000000000E+0002    3.50549019607843E+0001
 2.44000000000000E+0002    3.46000000000000E+0001
 2.45000000000000E+0002    3.44588235294117E+0001
 2.46000000000000E+0002    3.44549019607843E+0001
 2.47000000000000E+0002    3.43607843137254E+0001
 2.48000000000000E+0002    3.42862745098039E+0001
 2.49000000000000E+0002    3.42392156862744E+0001
 2.50000000000000E+0002    3.40313725490196E+0001
 2.51000000000000E+0002    3.38392156862745E+0001
 2.52000000000000E+0002    3.35568627450980E+0001
 2.53000000000000E+0002    3.33098039215686E+0001
 2.54000000000000E+0002    3.30470588235294E+0001
 2.55000000000000E+0002    3.27058823529411E+0001
 2.56000000000000E+0002    3.22235294117647E+0001
 2.57000000000000E+0002    3.16117647058823E+0001
 2.58000000000000E+0002    3.10862745098039E+0001
 2.59000000000000E+0002    3.04196078431372E+0001
 2.60000000000000E+0002    2.98862745098039E+0001
 2.61000000000000E+0002    2.95058823529411E+0001
 2.62000000000000E+0002    2.93803921568627E+0001
 2.63000000000000E+0002    2.92980392156862E+0001
 2.64000000000000E+0002    2.95333333333333E+0001
 2.65000000000000E+0002    2.97254901960784E+0001
 2.66000000000000E+0002    2.99098039215686E+0001
 2.67000000000000E+0002    3.01568627450980E+0001
 2.68000000000000E+0002    3.04980392156862E+0001
 2.69000000000000E+0002    3.11725490196078E+0001
 2.70000000000000E+0002    3.18156862745098E+0001
 2.71000000000000E+0002    3.24078431372549E+0001
 2.72000000000000E+0002    3.28000000000000E+0001
 2.73000000000000E+0002    3.33137254901960E+0001
 2.74000000000000E+0002    3.37843137254902E+0001
 2.75000000000000E+0002    3.42039215686274E+0001
 2.76000000000000E+0002    3.50156862745098E+0001
 2.77000000000000E+0002    3.60235294117647E+0001
 2.78000000000000E+0002    3.66862745098040E+0001
 2.79000000000000E+0002    3.71215686274510E+0001
 2.80000000000000E+0002    3.76862745098040E+0001
 2.81000000000000E+0002    3.83725490196079E+0001
 2.82000000000000E+0002    3.90431372549020E+0001
 2.83000000000000E+0002    3.98196078431373E+0001
 2.84000000000000E+0002    4.06549019607843E+0001
 2.85000000000000E+0002    4.14352941176471E+0001
 2.86000000000000E+0002    4.21019607843138E+0001
 2.87000000000000E+0002    4.29882352941177E+0001
 2.88000000000000E+0002    4.39921568627451E+0001
 2.89000000000000E+0002    4.49568627450980E+0001
 2.90000000000000E+0002    4.56784313725490E+0001
 2.91000000000000E+0002    4.67647058823530E+0001
 2.92000000000000E+0002    4.79764705882353E+0001
 2.93000000000000E+0002    4.88078431372549E+0001
 2.94000000000000E+0002    4.94313725490196E+0001
 2.95000000000000E+0002    5.01647058823529E+0001
 2.96000000000000E+0002    5.10352941176471E+0001
 2.97000000000000E+0002    5.14156862745098E+0001
 2.98000000000000E+0002    5.14901960784314E+0001
 2.99000000000000E+0002    5.15058823529412E+0001
 3.00000000000000E+0002    5.15019607843137E+0001
 3.01000000000000E+0002    5.11137254901961E+0001
 3.02000000000000E+0002    5.02313725490196E+0001
 3.03000000000000E+0002    4.92627450980392E+0001
 3.04000000000000E+0002    4.85058823529412E+0001
 3.05000000000000E+0002    4.74078431372549E+0001
 3.06000000000000E+0002    4.57725490196079E+0001
 3.07000000000000E+0002    4.40980392156863E+0001
 3.08000000000000E+0002    4.26588235294118E+0001
 3.09000000000000E+0002    4.09686274509804E+0001
 3.10000000000000E+0002    3.94000000000000E+0001
 3.11000000000000E+0002    3.82862745098039E+0001
 3.12000000000000E+0002    3.74352941176470E+0001
 3.13000000000000E+0002    3.65019607843137E+0001
 3.14000000000000E+0002    3.57568627450980E+0001
 3.15000000000000E+0002    3.53019607843137E+0001
 3.16000000000000E+0002    3.52078431372548E+0001
 3.17000000000000E+0002    3.53176470588235E+0001
 3.18000000000000E+0002    3.51176470588235E+0001
 3.19000000000000E+0002    3.49686274509803E+0001
 3.20000000000000E+0002    3.51607843137254E+0001
 3.21000000000000E+0002    3.52627450980392E+0001
 3.22000000000000E+0002    3.48509803921568E+0001
 3.23000000000000E+0002    3.45725490196078E+0001
 3.24000000000000E+0002    3.45529411764705E+0001
 3.25000000000000E+0002    3.43294117647058E+0001
 3.26000000000000E+0002    3.38901960784313E+0001
 3.27000000000000E+0002    3.36274509803921E+0001
 3.28000000000000E+0002    3.32313725490196E+0001
 3.29000000000000E+0002    3.25607843137254E+0001
 3.30000000000000E+0002    3.20078431372549E+0001
 3.31000000000000E+0002    3.17215686274509E+0001
 3.32000000000000E+0002    3.12392156862745E+0001
 3.33000000000000E+0002    3.09490196078431E+0001
 3.34000000000000E+0002    3.10039215686274E+0001
 3.35000000000000E+0002    3.10980392156862E+0001
 3.36000000000000E+0002    3.11882352941176E+0001
 3.37000000000000E+0002    3.13921568627451E+0001
 3.38000000000000E+0002    3.17372549019607E+0001
 3.39000000000000E+0002    3.21843137254901E+0001
 3.40000000000000E+0002    3.25450980392156E+0001
 3.41000000000000E+0002    3.29019607843137E+0001
 3.42000000000000E+0002    3.33411764705882E+0001
 3.43000000000000E+0002    3.40549019607843E+0001
 3.44000000000000E+0002    3.46823529411765E+0001
 3.45000000000000E+0002    3.49607843137255E+0001
 3.46000000000000E+0002    3.55372549019608E+0001
 3.47000000000000E+0002    3.62549019607844E+0001
 3.48000000000000E+0002    3.69725490196079E+0001
 3.49000000000000E+0002    3.75529411764706E+0001
 3.50000000000000E+0002    3.82313725490197E+0001
 3.51000000000000E+0002    3.91333333333334E+0001
 3.52000000000000E+0002    3.99058823529412E+0001
 3.53000000000000E+0002    4.03960784313726E+0001
 3.54000000000000E+0002    4.11843137254902E+0001
 3.55000000000000E+0002    4.23058823529412E+0001
 3.56000000000000E+0002    4.31450980392157E+0001
 3.57000000000000E+0002    4.36823529411765E+0001
 3.58000000000000E+0002    4.42588235294118E+0001
 3.59000000000000E+0002    4.50666666666667E+0001
 3.60000000000000E+0002    4.58392156862745E+0001
 3.61000000000000E+0002    4.64470588235294E+0001
 3.62000000000000E+0002    4.73176470588235E+0001
 3.63000000000000E+0002    4.83725490196079E+0001
 3.64000000000000E+0002    4.93411764705882E+0001
 3.65000000000000E+0002    5.01372549019608E+0001
 3.66000000000000E+0002    5.10117647058823E+0001
 3.67000000000000E+0002    5.17960784313725E+0001
 3.68000000000000E+0002    5.22039215686275E+0001
 3.69000000000000E+0002    5.23529411764706E+0001
 3.70000000000000E+0002    5.27176470588235E+0001
 3.71000000000000E+0002    5.29058823529412E+0001
 3.72000000000000E+0002    5.25647058823529E+0001
 3.73000000000000E+0002    5.19254901960784E+0001
 3.74000000000000E+0002    5.14274509803922E+0001
 3.75000000000000E+0002    5.10000000000000E+0001
 3.76000000000000E+0002    5.00313725490196E+0001
 3.77000000000000E+0002    4.87176470588235E+0001
 3.78000000000000E+0002    4.75803921568628E+0001
 3.79000000000000E+0002    4.62901960784314E+0001
 3.80000000000000E+0002    4.45137254901961E+0001
 3.81000000000000E+0002    4.26901960784314E+0001
 3.82000000000000E+0002    4.14470588235294E+0001
 3.83000000000000E+0002    4.02941176470588E+0001
 3.84000000000000E+0002    3.91215686274509E+0001
 3.85000000000000E+0002    3.80941176470588E+0001
 3.86000000000000E+0002    3.72588235294117E+0001
 3.87000000000000E+0002    3.66588235294117E+0001
 3.88000000000000E+0002    3.61019607843137E+0001
 3.89000000000000E+0002    3.57607843137254E+0001
 3.90000000000000E+0002    3.57647058823529E+0001
 3.91000000000000E+0002    3.57490196078431E+0001
 3.92000000000000E+0002    3.57215686274509E+0001
 3.93000000000000E+0002    3.57803921568627E+0001
 3.94000000000000E+0002    3.60431372549019E+0001
 3.95000000000000E+0002    3.59568627450980E+0001
 3.96000000000000E+0002    3.57686274509803E+0001
 3.97000000000000E+0002    3.56313725490196E+0001
 3.98000000000000E+0002    3.54980392156862E+0001
 3.99000000000000E+0002    3.51764705882353E+0001
 4.00000000000000E+0002    3.45215686274509E+0001
 4.01000000000000E+0002    3.39529411764705E+0001
 4.02000000000000E+0002    3.36666666666666E+0001
 4.03000000000000E+0002    3.32588235294117E+0001
 4.04000000000000E+0002    3.28509803921568E+0001
 4.05000000000000E+0002    3.25529411764705E+0001
 4.06000000000000E+0002    3.24470588235294E+0001
 4.07000000000000E+0002    3.22196078431372E+0001
 4.08000000000000E+0002    3.20980392156862E+0001
 4.09000000000000E+0002    3.22784313725490E+0001
 4.10000000000000E+0002    3.24941176470588E+0001
 4.11000000000000E+0002    3.26431372549019E+0001
 4.12000000000000E+0002    3.27215686274509E+0001
 4.13000000000000E+0002    3.31411764705882E+0001
 4.14000000000000E+0002    3.37529411764705E+0001
 4.15000000000000E+0002    3.42313725490196E+0001
 4.16000000000000E+0002    3.46000000000000E+0001
 4.17000000000000E+0002    3.52274509803922E+0001
 4.18000000000000E+0002    3.55960784313726E+0001
 4.19000000000000E+0002    3.58274509803922E+0001
 4.20000000000000E+0002    3.63294117647059E+0001
 4.21000000000000E+0002    3.71529411764706E+0001
 4.22000000000000E+0002    3.78274509803922E+0001
 4.23000000000000E+0002    3.86274509803922E+0001
 4.24000000000000E+0002    3.94509803921569E+0001
 4.25000000000000E+0002    4.01803921568628E+0001
 4.26000000000000E+0002    4.09176470588236E+0001
 4.27000000000000E+0002    4.16549019607843E+0001
 4.28000000000000E+0002    4.23019607843138E+0001
 4.29000000000000E+0002    4.30196078431373E+0001
 4.30000000000000E+0002    4.37372549019608E+0001
 4.31000000000000E+0002    4.43882352941177E+0001
 4.32000000000000E+0002    4.52431372549020E+0001
 4.33000000000000E+0002    4.61176470588236E+0001
 4.34000000000000E+0002    4.68666666666667E+0001
 4.35000000000000E+0002    4.74901960784314E+0001
 4.36000000000000E+0002    4.82039215686275E+0001
 4.37000000000000E+0002    4.92000000000000E+0001
 4.38000000000000E+0002    5.02823529411765E+0001
 4.39000000000000E+0002    5.12078431372549E+0001
 4.40000000000000E+0002    5.20431372549020E+0001
 4.41000000000000E+0002    5.28078431372549E+0001
 4.42000000000000E+0002    5.32431372549019E+0001
 4.43000000000000E+0002    5.33843137254902E+0001
 4.44000000000000E+0002    5.38156862745098E+0001
 4.45000000000000E+0002    5.44352941176471E+0001
 4.46000000000000E+0002    5.45098039215686E+0001
 4.47000000000000E+0002    5.40588235294118E+0001
 4.48000000000000E+0002    5.37725490196079E+0001