 1.00000000000000E+0000    5.70352941176470E+0001
 2.00000000000000E+0000    6.24000000000000E+0001
 3.00000000000000E+0000    6.15529411764705E+0001
 4.00000000000000E+0000    6.07058823529412E+0001
 5.00000000000000E+0000    5.90117647058824E+0001
 6.00000000000000E+0000    5.87294117647058E+0001
 7.00000000000000E+0000    5.92941176470587E+0001
 8.00000000000000E+0000    5.64705882352941E+0001
 9.00000000000000E+0000    5.67529411764706E+0001
 1.00000000000000E+0001    5.73176470588236E+0001
 1.10000000000000E+0001    5.73176470588236E+0001
 1.20000000000000E+0001    5.59058823529411E+0001
 1.30000000000000E+0001    5.61882352941177E+0001
 1.40000000000000E+0001    5.56235294117647E+0001
 1.50000000000000E+0001    5.64705882352941E+0001
 1.60000000000000E+0001    5.56235294117647E+0001
 1.70000000000000E+0001    5.56235294117647E+0001
 1.80000000000000E+0001    5.64705882352941E+0001
 1.90000000000000E+0001    5.53411764705882E+0001
 2.00000000000000E+0001    5.61882352941177E+0001
 2.10000000000000E+0001    5.61882352941177E+0001
 2.20000000000000E+0001    4.60235294117648E+0001
 2.30000000000000E+0001    4.09411764705883E+0001
 2.40000000000000E+0001    0.00000000000000E+0000
 2.50000000000000E+0001    0.00000000000000E+0000
 2.60000000000000E+0001    1.96470588235294E+0000
 2.70000000000000E+0001    1.66313725490196E+0001
 2.80000000000000E+0001    2.37960784313725E+0001
 2.90000000000000E+0001    2.38823529411764E+0001
 3.00000000000000E+0001    2.40274509803921E+0001
 3.10000000000000E+0001    2.40941176470588E+0001
 3.20000000000000E+0001    2.41843137254902E+0001
 3.30000000000000E+0001    2.41686274509804E+0001
 3.40000000000000E+0001    2.40666666666666E+0001
 3.50000000000000E+0001    2.39137254901961E+0001
 3.60000000000000E+0001    2.36941176470588E+0001
 3.70000000000000E+0001    2.36000000000000E+0001
 3.80000000000000E+0001    2.34862745098039E+0001
 3.90000000000000E+0001    2.29764705882353E+0001
 4.00000000000000E+0001    2.22352941176470E+0001
 4.10000000000000E+0001    2.18078431372549E+0001
 4.20000000000000E+0001    2.13764705882353E+0001
 4.30000000000000E+0001    2.08156862745098E+0001
 4.40000000000000E+0001    2.03450980392157E+0001
 4.50000000000000E+0001    2.03098039215686E+0001
 4.60000000000000E+0001    2.01333333333333E+0001
 4.70000000000000E+0001    1.94705882352941E+0001
 4.80000000000000E+0001    1.91058823529412E+0001
 4.90000000000000E+0001    1.92196078431372E+0001
 5.00000000000000E+0001    1.93647058823529E+0001
 5.10000000000000E+0001    1.92117647058824E+0001
 5.20000000000000E+0001    1.91411764705882E+0001
 5.30000000000000E+0001    1.94196078431373E+0001
 5.40000000000000E+0001    1.95333333333333E+0001
 5.50000000000000E+0001    1.97450980392157E+0001
 5.60000000000000E+0001    2.00549019607843E+0001
 5.70000000000000E+0001    2.05725490196078E+0001
 5.80000000000000E+0001    2.08588235294118E+0001
 5.90000000000000E+0001    2.08980392156863E+0001
 6.00000000000000E+0001    2.13254901960784E+0001
 6.10000000000000E+0001    2.18392156862745E+0001
 6.20000000000000E+0001    2.19058823529412E+0001
 6.30000000000000E+0001    2.18078431372549E+0001
 6.40000000000000E+0001    2.20235294117647E+0001
 6.50000000000000E+0001    2.25450980392157E+0001
 6.60000000000000E+0001    2.28156862745098E+0001
 6.70000000000000E+0001    2.29019607843137E+0001
 6.80000000000000E+0001    2.30862745098039E+0001
 6.90000000000000E+0001    2.34705882352941E+0001
 7.00000000000000E+0001    2.36980392156863E+0001
 7.10000000000000E+0001    2.38313725490196E+0001
 7.20000000000000E+0001    2.43411764705882E+0001
 7.30000000000000E+0001    2.48941176470588E+0001
 7.40000000000000E+0001    2.52666666666666E+0001
 7.50000000000000E+0001    2.55725490196078E+0001
 7.60000000000000E+0001    2.60784313725490E+0001
 7.70000000000000E+0001    2.65137254901961E+0001
 7.80000000000000E+0001    2.68980392156862E+0001
 7.90000000000000E+0001    2.73607843137255E+0001
 8.00000000000000E+0001    2.79607843137255E+0001
 8.10000000000000E+0001    2.85215686274509E+0001
 8.20000000000000E+0001    2.88470588235294E+0001
 8.30000000000000E+0001    2.92784313725490E+0001
 8.40000000000000E+0001    2.99411764705882E+0001
 8.50000000000000E+0001    3.04235294117647E+0001
 8.60000000000000E+0001    3.07843137254902E+0001
 8.70000000000000E+0001    3.14705882352942E+0001
 8.80000000000000E+0001    3.25333333333334E+0001
 8.90000000000000E+0001    3.33607843137255E+0001
 9.00000000000000E+0001    3.41843137254902E+0001
 9.10000000000000E+0001    3.50705882352942E+0001
 9.20000000000000E+0001    3.61411764705883E+0001
 9.30000000000000E+0001    3.69529411764706E+0001
 9.40000000000000E+0001    3.72509803921569E+0001
 9.50000000000000E+0001    3.77764705882353E+0001
 9.60000000000000E+0001    3.85647058823530E+0001
 9.70000000000000E+0001    3.90078431372549E+0001
 9.80000000000000E+0001    3.92039215686275E+0001
 9.90000000000000E+0001    3.93254901960785E+0001
 1.00000000000000E+0002    3.95333333333334E+0001
 1.01000000000000E+0002    3.96000000000000E+0001
 1.02000000000000E+0002    3.94235294117647E+0001
 1.03000000000000E+0002    3.95529411764706E+0001
 1.04000000000000E+0002    3.99960784313726E+0001
 1.05000000000000E+0002    4.01137254901961E+0001
 1.06000000000000E+0002    4.00313725490196E+0001
 1.07000000000000E+0002    4.01019607843137E+0001
 1.08000000000000E+0002    4.03294117647059E+0001
 1.09000000000000E+0002    4.02156862745098E+0001
 1.10000000000000E+0002    3.97764705882353E+0001
 1.11000000000000E+0002    3.92235294117647E+0001
 1.12000000000000E+0002    3.87490196078431E+0001
 1.13000000000000E+0002    3.81843137254902E+0001
 1.14000000000000E+0002    3.74470588235294E+0001
 1.15000000000000E+0002    3.66000000000000E+0001
 1.16000000000000E+0002    3.56235294117647E+0001
 1.17000000000000E+0002    3.44705882352941E+0001
 1.18000000000000E+0002    3.31529411764705E+0001
 1.19000000000000E+0002    3.21568627450980E+0001
 1.20000000000000E+0002    3.12901960784313E+0001
 1.21000000000000E+0002    3.04117647058823E+0001
 1.22000000000000E+0002    2.94823529411764E+0001
 1.23000000000000E+0002    2.89137254901960E+0001
 1.24000000000000E+0002    2.85725490196078E+0001
 1.25000000000000E+0002    2.79490196078431E+0001
 1.26000000000000E+0002    2.76039215686274E+0001
 1.27000000000000E+0002    2.75254901960784E+0001
 1.28000000000000E+0002    2.73490196078431E+0001
 1.29000000000000E+0002    2.71686274509804E+0001
 1.30000000000000E+0002    2.70862745098039E+0001
 1.31000000000000E+0002    2.70196078431372E+0001
 1.32000000000000E+0002    2.69882352941176E+0001
 1.33000000000000E+0002    2.68000000000000E+0001
 1.34000000000000E+0002    2.65843137254902E+0001
 1.35000000000000E+0002    2.64823529411764E+0001
 1.36000000000000E+0002    2.63882352941176E+0001
 1.37000000000000E+0002    2.62588235294117E+0001
 1.38000000000000E+0002    2.58980392156862E+0001
 1.39000000000000E+0002    2.57843137254902E+0001
 1.40000000000000E+0002    2.59960784313725E+0001
 1.41000000000000E+0002    2.59215686274510E+0001
 1.42000000000000E+0002    2.57215686274510E+0001
 1.43000000000000E+0002    2.56627450980392E+0001
 1.44000000000000E+0002    2.54156862745098E+0001
 1.45000000000000E+0002    2.50039215686274E+0001
 1.46000000000000E+0002    2.45921568627451E+0001
 1.47000000000000E+0002    2.43019607843137E+0001
 1.48000000000000E+0002    2.41725490196078E+0001
 1.49000000000000E+0002    2.37254901960784E+0001
 1.50000000000000E+0002    2.33254901960784E+0001
 1.51000000000000E+0002    2.32039215686274E+0001
 1.52000000000000E+0002    2.29568627450980E+0001
 1.53000000000000E+0002    2.25607843137255E+0001
 1.54000000000000E+0002    2.23333333333333E+0001
 1.55000000000000E+0002    2.22196078431372E+0001
 1.56000000000000E+0002    2.22470588235294E+0001
 1.57000000000000E+0002    2.21137254901961E+0001
 1.58000000000000E+0002    2.21686274509804E+0001
 1.59000000000000E+0002    2.23254901960784E+0001
 1.60000000000000E+0002    2.23647058823529E+0001
 1.61000000000000E+0002    2.24156862745098E+0001
 1.62000000000000E+0002    2.26745098039216E+0001
 1.63000000000000E+0002    2.30941176470588E+0001
 1.64000000000000E+0002    2.33411764705882E+0001
 1.65000000000000E+0002    2.36470588235294E+0001
 1.66000000000000E+0002    2.38705882352941E+0001
 1.67000000000000E+0002    2.39647058823529E+0001
 1.68000000000000E+0002    2.42588235294117E+0001
 1.69000000000000E+0002    2.47411764705882E+0001
 1.70000000000000E+0002    2.51058823529412E+0001
 1.71000000000000E+0002    2.50431372549019E+0001
 1.72000000000000E+0002    2.49960784313725E+0001
 1.73000000000000E+0002    2.52352941176470E+0001
 1.74000000000000E+0002    2.56156862745098E+0001
 1.75000000000000E+0002    2.57490196078431E+0001
 1.76000000000000E+0002    2.56313725490196E+0001
 1.77000000000000E+0002    2.57215686274510E+0001
 1.78000000000000E+0002    2.61294117647059E+0001
 1.79000000000000E+0002    2.63607843137255E+0001
 1.80000000000000E+0002    2.63372549019608E+0001
 1.81000000000000E+0002    2.66431372549019E+0001
 1.82000000000000E+0002    2.73921568627451E+0001
 1.83000000000000E+0002    2.78666666666666E+0001
 1.84000000000000E+0002    2.81960784313725E+0001
 1.85000000000000E+0002    2.87686274509804E+0001
 1.86000000000000E+0002    2.96274509803921E+0001
 1.87000000000000E+0002    3.03019607843137E+0001
 1.88000000000000E+0002    3.07725490196078E+0001
 1.89000000000000E+0002    3.13725490196078E+0001
 1.90000000000000E+0002    3.18588235294117E+0001
 1.91000000000000E+0002    3.22235294117647E+0001
 1.92000000000000E+0002    3.25725490196079E+0001
 1.93000000000000E+0002    3.31843137254902E+0001
 1.94000000000000E+0002    3.40039215686275E+0001
 1.95000000000000E+0002    3.43725490196079E+0001
 1.96000000000000E+0002    3.46627450980393E+0001
 1.97000000000000E+0002    3.54509803921569E+0001
 1.98000000000000E+0002    3.63843137254902E+0001
 1.99000000000000E+0002    3.70901960784314E+0001
 2.00000000000000E+0002    3.78823529411765E+0001
 2.01000000000000E+0002    3.89803921568628E+0001
 2.02000000000000E+0002    3.98980392156863E+0001
 2.03000000000000E+0002    4.06784313725490E+0001
 2.04000000000000E+0002    4.14274509803922E+0001
 2.05000000000000E+0002    4.20627450980392E+0001
 2.06000000000000E+0002    4.24784313725490E+0001
 2.07000000000000E+0002    4.28313725490196E+0001
 2.08000000000000E+0002    4.31764705882353E+0001
 2.09000000000000E+0002    4.34039215686274E+0001
 2.10000000000000E+0002    4.33764705882353E+0001
 2.11000000000000E+0002    4.31882352941176E+0001
 2.12000000000000E+0002    4.29607843137255E+0001
 2.13000000000000E+0002    4.27215686274510E+0001
 2.14000000000000E+0002    4.25137254901961E+0001
 2.15000000000000E+0002    4.22352941176471E+0001
 2.16000000000000E+0002    4.23607843137255E+0001
 2.17000000000000E+0002    4.26392156862745E+0001
 2.18000000000000E+0002    4.27607843137255E+0001
 2.19000000000000E+0002    4.27254901960785E+0001
 2.20000000000000E+0002    4.28117647058823E+0001
 2.21000000000000E+0002    4.29764705882353E+0001
 2.22000000000000E+0002    4.28705882352941E+0001
 2.23000000000000E+0002    4.24705882352941E+0001
 2.24000000000000E+0002    4.20117647058823E+0001
 2.25000000000000E+0002    4.18313725490196E+0001
 2.26000000000000E+0002    4.14588235294117E+0001
 2.27000000000000E+0002    4.03607843137255E+0001
 2.28000000000000E+0002    3.91215686274510E+0001
 2.29000000000000E+0002    3.82352941176470E+0001
 2.30000000000000E+0002    3.73411764705882E+0001
 2.31000000000000E+0002    3.62431372549019E+0001
 2.32000000000000E+0002    3.53254901960784E+0001
 2.33000000000000E+0002    3.44549019607843E+0001
 2.34000000000000E+0002    3.35647058823529E+0001
 2.35000000000000E+0002    3.25764705882352E+0001
 2.36000000000000E+0002    3.18823529411764E+0001
 2.37000000000000E+0002    3.16941176470588E+0001
 2.38000000000000E+0002    3.12627450980392E+0001
 2.39000000000000E+0002    3.07294117647058E+0001
 2.40000000000000E+0002    3.04705882352941E+0001
 2.41000000000000E+0002    3.03960784313725E+0001
 2.42000000000000E+0002    3.01411764705882E+0001
 2.43000000000000E+0002    2.96980392156862E+0001
 2.44000000000000E+0002    2.96117647058823E+0001
 2.45000000000000E+0002    2.97019607843137E+0001
 2.46000000000000E+0002    2.95725490196078E+0001
 2.47000000000000E+0002    2.92901960784313E+0001
 2.48000000000000E+0002    2.92745098039215E+0001
 2.49000000000000E+0002    2.93254901960784E+0001
 2.50000000000000E+0002    2.92000000000000E+0001
 2.51000000000000E+0002    2.90313725490196E+0001
 2.52000000000000E+0002    2.90313725490196E+0001
 2.53000000000000E+0002    2.91960784313725E+0001
 2.54000000000000E+0002    2.90745098039215E+0001
 2.55000000000000E+0002    2.88549019607843E+0001
 2.56000000000000E+0002    2.87098039215686E+0001
 2.57000000000000E+0002    2.84078431372549E+0001
 2.58000000000000E+0002    2.81137254901960E+0001
 2.59000000000000E+0002    2.79803921568627E+0001
 2.60000000000000E+0002    2.82274509803921E+0001
 2.61000000000000E+0002    2.81450980392156E+0001
 2.62000000000000E+0002    2.74745098039215E+0001
 2.63000000000000E+0002    2.70627450980392E+0001
 2.64000000000000E+0002    2.70627450980392E+0001
 2.65000000000000E+0002    2.68901960784313E+0001
 2.66000000000000E+0002    2.66313725490196E+0001
 2.67000000000000E+0002    2.64509803921568E+0001
 2.68000000000000E+0002    2.64156862745098E+0001
 2.69000000000000E+0002    2.62235294117647E+0001
 2.70000000000000E+0002    2.58352941176470E+0001
 2.71000000000000E+0002    2.56823529411765E+0001
 2.72000000000000E+0002    2.59019607843137E+0001
 2.73000000000000E+0002    2.58627450980392E+0001
 2.74000000000000E+0002    2.55019607843137E+0001
 2.75000000000000E+0002    2.54745098039215E+0001
 2.76000000000000E+0002    2.57686274509804E+0001
 2.77000000000000E+0002    2.60784313725490E+0001
 2.78000000000000E+0002    2.60431372549019E+0001
 2.79000000000000E+0002    2.61294117647059E+0001
 2.80000000000000E+0002    2.65686274509804E+0001
 2.81000000000000E+0002    2.69137254901960E+0001
 2.82000000000000E+0002    2.68784313725490E+0001
 2.83000000000000E+0002    2.70862745098039E+0001
 2.84000000000000E+0002    2.74392156862745E+0001
 2.85000000000000E+0002    2.76117647058823E+0001
 2.86000000000000E+0002    2.77529411764706E+0001
 2.87000000000000E+0002    2.82117647058823E+0001
 2.88000000000000E+0002    2.84392156862745E+0001
 2.89000000000000E+0002    2.83960784313725E+0001
 2.90000000000000E+0002    2.84588235294117E+0001
 2.91000000000000E+0002    2.87176470588235E+0001
 2.92000000000000E+0002    2.87372549019607E+0001
 2.93000000000000E+0002    2.88039215686274E+0001
 2.94000000000000E+0002    2.88901960784313E+0001
 2.95000000000000E+0002    2.89529411764706E+0001
 2.96000000000000E+0002    2.91333333333333E+0001
 2.97000000000000E+0002    2.91529411764706E+0001
 2.98000000000000E+0002    2.91176470588235E+0001
 2.99000000000000E+0002    2.95882352941176E+0001
 3.00000000000000E+0002    3.00745098039215E+0001
 3.01000000000000E+0002    3.03450980392156E+0001
 3.02000000000000E+0002    3.06313725490196E+0001
 3.03000000000000E+0002    3.10980392156862E+0001
 3.04000000000000E+0002    3.16941176470588E+0001
 3.05000000000000E+0002    3.23254901960784E+0001
 3.06000000000000E+0002    3.29411764705882E+0001
 3.07000000000000E+0002    3.37294117647059E+0001
 3.08000000000000E+0002    3.43450980392157E+0001
 3.09000000000000E+0002    3.46509803921569E+0001
 3.10000000000000E+0002    3.51098039215687E+0001
 3.11000000000000E+0002    3.57019607843138E+0001
 3.12000000000000E+0002    3.62313725490197E+0001
 3.13000000000000E+0002    3.65921568627452E+0001
 3.14000000000000E+0002    3.69647058823530E+0001
 3.15000000000000E+0002    3.74666666666667E+0001
 3.16000000000000E+0002    3.81137254901961E+0001
 3.17000000000000E+0002    3.86941176470589E+0001
 3.18000000000000E+0002    3.93058823529412E+0001
 3.19000000000000E+0002    4.01882352941177E+0001
 3.20000000000000E+0002    4.10588235294118E+0001
 3.21000000000000E+0002    4.16823529411765E+0001
 3.22000000000000E+0002    4.25176470588235E+0001
 3.23000000000000E+0002    4.34666666666667E+0001
 3.24000000000000E+0002    4.42901960784314E+0001
 3.25000000000000E+0002    4.50196078431373E+0001
 3.26000000000000E+0002    4.54823529411765E+0001
 3.27000000000000E+0002    4.60196078431373E+0001
 3.28000000000000E+0002    4.65098039215686E+0001
 3.29000000000000E+0002    4.68941176470588E+0001
 3.30000000000000E+0002    4.72470588235294E+0001
 3.31000000000000E+0002    4.72901960784314E+0001
 3.32000000000000E+0002    4.71333333333333E+0001
 3.33000000000000E+0002    4.66823529411765E+0001
 3.34000000000000E+0002    4.62784313725490E+0001
 3.35000000000000E+0002    4.59725490196079E+0001
 3.36000000000000E+0002    4.55647058823529E+0001
 3.37000000000000E+0002    4.51960784313726E+0001
 3.38000000000000E+0002    4.51254901960785E+0001
 3.39000000000000E+0002    4.48509803921569E+0001
 3.40000000000000E+0002    4.43921568627451E+0001
 3.41000000000000E+0002    4.40549019607843E+0001
 3.42000000000000E+0002    4.42078431372549E+0001
 3.43000000000000E+0002    4.42392156862746E+0001
 3.44000000000000E+0002    4.41529411764706E+0001
 3.45000000000000E+0002    4.41450980392157E+0001
 3.46000000000000E+0002    4.41450980392157E+0001
 3.47000000000000E+0002    4.39058823529412E+0001
 3.48000000000000E+0002    4.36392156862745E+0001
 3.49000000000000E+0002    4.34784313725490E+0001
 3.50000000000000E+0002    4.32117647058823E+0001
 3.51000000000000E+0002    4.27725490196078E+0001
 3.52000000000000E+0002    4.21019607843137E+0001
 3.53000000000000E+0002    4.12470588235294E+0001
 3.54000000000000E+0002    4.04431372549019E+0001
 3.55000000000000E+0002    3.96196078431372E+0001
 3.56000000000000E+0002    3.86235294117647E+0001
 3.57000000000000E+0002    3.76549019607843E+0001
 3.58000000000000E+0002    3.68274509803921E+0001
 3.59000000000000E+0002    3.59607843137254E+0001
 3.60000000000000E+0002    3.50196078431372E+0001
 3.61000000000000E+0002    3.43294117647058E+0001
 3.62000000000000E+0002    3.38313725490195E+0001
 3.63000000000000E+0002    3.32392156862745E+0001
 3.64000000000000E+0002    3.27568627450980E+0001
 3.65000000000000E+0002    3.25254901960784E+0001
 3.66000000000000E+0002    3.24117647058823E+0001
 3.67000000000000E+0002    3.23137254901960E+0001
 3.68000000000000E+0002    3.22039215686274E+0001
 3.69000000000000E+0002    3.20156862745098E+0001
 3.70000000000000E+0002    3.18196078431372E+0001
 3.71000000000000E+0002    3.16862745098039E+0001
 3.72000000000000E+0002    3.16666666666666E+0001
 3.73000000000000E+0002    3.16235294117647E+0001
 3.74000000000000E+0002    3.14784313725490E+0001
 3.75000000000000E+0002    3.12274509803921E+0001
 3.76000000000000E+0002    3.08352941176470E+0001
 3.77000000000000E+0002    3.05803921568627E+0001
 3.78000000000000E+0002    3.02470588235294E+0001
 3.79000000000000E+0002    2.98509803921568E+0001
 3.80000000000000E+0002    2.94784313725490E+0001
 3.81000000000000E+0002    2.95372549019607E+0001
 3.82000000000000E+0002    2.95686274509803E+0001
 3.83000000000000E+0002    2.93882352941176E+0001
 3.84000000000000E+0002    2.94509803921568E+0001
 3.85000000000000E+0002    2.97294117647058E+0001
 3.86000000000000E+0002    2.96823529411764E+0001
 3.87000000000000E+0002    2.94117647058823E+0001
 3.88000000000000E+0002    2.93607843137254E+0001
 3.89000000000000E+0002    2.95294117647058E+0001
 3.90000000000000E+0002    2.94078431372549E+0001
 3.91000000000000E+0002    2.90588235294117E+0001
 3.92000000000000E+0002    2.89058823529411E+0001
 3.93000000000000E+0002    2.90235294117647E+0001
 3.94000000000000E+0002    2.89921568627451E+0001
 3.95000000000000E+0002    2.85882352941176E+0001
 3.96000000000000E+0002    2.83019607843137E+0001
 3.97000000000000E+0002    2.84392156862745E+0001
 3.98000000000000E+0002    2.82901960784313E+0001
 3.99000000000000E+0002    2.77764705882353E+0001
 4.00000000000000E+0002    2.76431372549019E+0001
 4.01000000000000E+0002    2.78745098039215E+0001
 4.02000000000000E+0002    2.80980392156862E+0001
 4.03000000000000E+0002    2.78431372549019E+0001
 4.04000000000000E+0002    2.76313725490196E+0001
 4.05000000000000E+0002    2.77490196078431E+0001
 4.06000000000000E+0002    2.79254901960784E+0001
 4.07000000000000E+0002    2.79529411764706E+0001
 4.08000000000000E+0002    2.81725490196078E+0001
 4.09000000000000E+0002    2.83686274509804E+0001
 4.10000000000000E+0002    2.85254901960784E+0001
 4.11000000000000E+0002    2.86823529411764E+0001
 4.12000000000000E+0002    2.89803921568627E+0001
 4.13000000000000E+0002    2.93098039215686E+0001
 4.14000000000000E+0002    2.94352941176470E+0001
 4.15000000000000E+0002    2.93490196078431E+0001
 4.16000000000000E+0002    2.94235294117647E+0001
 4.17000000000000E+0002    2.98352941176470E+0001
 4.18000000000000E+0002    3.00235294117647E+0001
 4.19000000000000E+0002    3.01725490196078E+0001
 4.20000000000000E+0002    3.04039215686274E+0001
 4.21000000000000E+0002    3.05215686274509E+0001
 4.22000000000000E+0002    3.05450980392156E+0001
 4.23000000000000E+0002    3.07215686274509E+0001
 4.24000000000000E+0002    3.10235294117647E+0001
 4.25000000000000E+0002    3.09960784313725E+0001
 4.26000000000000E+0002    3.08705882352941E+0001
 4.27000000000000E+0002    3.10000000000000E+0001
 4.28000000000000E+0002    3.12431372549019E+0001
 4.29000000000000E+0002    3.13647058823529E+0001
 4.30000000000000E+0002    3.13254901960784E+0001
 4.31000000000000E+0002    3.14627450980392E+0001
 4.32000000000000E+0002    3.20039215686274E+0001
 4.33000000000000E+0002    3.23686274509803E+0001
 4.34000000000000E+0002    3.24588235294117E+0001
 4.35000000000000E+0002    3.28470588235294E+0001
 4.36000000000000E+0002    3.34784313725490E+0001
 4.37000000000000E+0002    3.40666666666667E+0001